ggccnp.N986KTC: 355857|01145352830

BLACK MAMBA: 864005|030063956

B818263Cat19-5CA: 86719304|9028785

AW1K-BardagulaN: 869119|050095254
                  AT+EGMR=1,7,"356303488328871"
                  -AT+EGMR=1,7,"359043379358788"

BANANABOAT: 864413|021289228

BANANABOAT-GEN2: 864056|033935633

R281: 863583|050515064
      868579|060242348

SM-G920FD: 359586|064106136
           359587|064106134
            !357558066481033 

iP12Pro-PRG: 353026|270370586
             353026|270294075

SM-N930:  351700|082231473

Huawei-P10-dual: 865914|030296038
                 865914|030301689

ggccna.iP8: 356079|091511380

PLDT-D2K: 354406|082058612

FAMSIM: 864056|037511935

GAHPW:  860913|050475329.9661192147 (B312-939)
        869473|031028334.9547456039 (SEI-120G xTreme)

ipSE3: 356409|541772102
       356409|541713684
